# Created by Octave 4.2.2, Wed Apr 22 12:41:15 2020 +0545 <deadpool@MESON>
# name: X
# type: matrix
# rows: 47
# columns: 2
 2104 3
 1600 3
 2400 3
 1416 2
 3000 4
 1985 4
 1534 3
 1427 3
 1380 3
 1494 3
 1940 4
 2000 3
 1890 3
 4478 5
 1268 3
 2300 4
 1320 2
 1236 3
 2609 4
 3031 4
 1767 3
 1888 2
 1604 3
 1962 4
 3890 3
 1100 3
 1458 3
 2526 3
 2200 3
 2637 3
 1839 2
 1000 1
 2040 4
 3137 3
 1811 4
 1437 3
 1239 3
 2132 4
 4215 4
 2162 4
 1664 2
 2238 3
 2567 4
 1200 3
 852 2
 1852 4
 1203 3


# name: X_norm
# type: matrix
# rows: 47
# columns: 3
 1 0.1300098690745405 -0.2236751871685913
 1 -0.5041898382231769 -0.2236751871685913
 1 0.502476363836692 -0.2236751871685913
 1 -0.7357230646969468 -1.537766911784067
 1 1.257476015381594 1.090416537446884
 1 -0.01973172848186497 1.090416537446884
 1 -0.5872397998931161 -0.2236751871685913
 1 -0.7218814044186236 -0.2236751871685913
 1 -0.7810230437896409 -0.2236751871685913
 1 -0.6375731099961096 -0.2236751871685913
 1 -0.07635670234773261 1.090416537446884
 1 -0.0008567371932424295 -0.2236751871685913
 1 -0.1392733399764744 -0.2236751871685913
 1 3.117291823687202 2.40450826206236
 1 -0.9219563120780225 -0.2236751871685913
 1 0.3766430885792084 1.090416537446884
 1 -0.856523008944131 -1.537766911784067
 1 -0.9622229601604173 -0.2236751871685913
 1 0.7654679091248329 1.090416537446884
 1 1.296484330711414 1.090416537446884
 1 -0.2940482685431793 -0.2236751871685913
 1 -0.1417900054816241 -1.537766911784067
 1 -0.4991565072128776 -0.2236751871685913
 1 -0.04867338179108621 1.090416537446884
 1 2.377392165173198 -0.2236751871685913
 1 -1.133356214510595 -0.2236751871685913
 1 -0.6828730890888036 -0.2236751871685913
 1 0.6610262906611214 -0.2236751871685913
 1 0.2508098133217248 -0.2236751871685913
 1 0.8007012261969283 -0.2236751871685913
 1 -0.2034483103577911 -1.537766911784067
 1 -1.259189489768079 -2.851858636399542
 1 0.04947657290975102 1.090416537446884
 1 1.429867602484346 -0.2236751871685913
 1 -0.2386816274298865 1.090416537446884
 1 -0.7092980768928753 -0.2236751871685913
 1 -0.9584479619026928 -0.2236751871685913
 1 0.1652431861466359 1.090416537446884
 1 2.78635030976002 1.090416537446884
 1 0.202993168723881 1.090416537446884
 1 -0.4236565420583874 -1.537766911784067
 1 0.2986264579195686 -0.2236751871685913
 1 0.7126179335166897 1.090416537446884
 1 -1.007522939253111 -0.2236751871685913
 1 -1.445422737149154 -1.537766911784067
 1 -0.1870899845743182 1.090416537446884
 1 -1.003747940995387 -0.2236751871685913


# name: data
# type: matrix
# rows: 47
# columns: 3
 2104 3 399900
 1600 3 329900
 2400 3 369000
 1416 2 232000
 3000 4 539900
 1985 4 299900
 1534 3 314900
 1427 3 198999
 1380 3 212000
 1494 3 242500
 1940 4 239999
 2000 3 347000
 1890 3 329999
 4478 5 699900
 1268 3 259900
 2300 4 449900
 1320 2 299900
 1236 3 199900
 2609 4 499998
 3031 4 599000
 1767 3 252900
 1888 2 255000
 1604 3 242900
 1962 4 259900
 3890 3 573900
 1100 3 249900
 1458 3 464500
 2526 3 469000
 2200 3 475000
 2637 3 299900
 1839 2 349900
 1000 1 169900
 2040 4 314900
 3137 3 579900
 1811 4 285900
 1437 3 249900
 1239 3 229900
 2132 4 345000
 4215 4 549000
 2162 4 287000
 1664 2 368500
 2238 3 329900
 2567 4 314000
 1200 3 299000
 852 2 179900
 1852 4 299900
 1203 3 239500


# name: m
# type: scalar
47


# name: mu
# type: matrix
# rows: 1
# columns: 2
 2000.68085106383 3.170212765957447


# name: sigma
# type: matrix
# rows: 1
# columns: 2
 794.7023535338897 0.7609818867800999


# name: y
# type: matrix
# rows: 47
# columns: 1
 399900
 329900
 369000
 232000
 539900
 299900
 314900
 198999
 212000
 242500
 239999
 347000
 329999
 699900
 259900
 449900
 299900
 199900
 499998
 599000
 252900
 255000
 242900
 259900
 573900
 249900
 464500
 469000
 475000
 299900
 349900
 169900
 314900
 579900
 285900
 249900
 229900
 345000
 549000
 287000
 368500
 329900
 314000
 299000
 179900
 299900
 239500


